1.1258965864760828 -3.640648752639261 14.521966463532301
2.7180852798204445 -0.2806155364147518 7.466732667653923
-4.11306479464795 0.21452754723138945 16.963324073493496
-3.870121296197019 4.086951217769372 31.681009103704252
3.590030508488499 -0.1934351586316927 12.925736212473058
-3.7490830550513374 1.2603022818255258 15.643985595247697
3.5190390661587285 4.844221142868267 35.85011443016323
4.72504070893181 -0.04614218060983255 22.328138801894255
2.178628614165893 2.5348972686947135 11.172126801298319
-4.048951467837487 -2.9954621520663456 25.36680149336528
-1.5654790729947776 3.829424174860054 17.115214238987193
0.18740564974498053 -1.8007817082986528 3.2779356384993528